A1 = 69.000000
E1 = 5.000000
E1 = 5.000000
A2 = A3
E2 = 5.000000
E2 = 5.000000
A3 = (SUM A2 A1)
E3 = 5.000000
E3 = 5.000000
E4 = 5.000000
E4 = 5.000000
A5 = 69.000000
E5 = 5.000000
E5 = 5.000000
A6 = (PRODUCT A1 A5)
E6 = 5.000000
B6 = A1:A6
E6 = 5.000000
E7 = 5.000000
B7 = 55.000000
E7 = 5.000000
E8 = 5.000000
B8 = ""
E8 = 5.000000
